2017/1/9 18:00		634.38	619.43	733.52	57.33	57.76	15.19	65.14	4026.38	1944.57	401.29	24.81
2017/1/9 19:00	431.47	962.93	570.17	824.27	51.8	52.17	14	67.8	3646.73	1758.57	357.47	22.6
2017/1/9 20:00	423	756.33	556.43	854.57	48.57	48.73	14	68.3	3513	1687.4	339.77	20.7
2017/1/9 21:00	419.93	1008.57	499.47	908.13	46	46.47	13.8	68.33	3345.13	1600.43	326.17	20.87
2017/1/9 22:00		1019.47	476.07	927.67	46.27	46.77	13.03	68.83	3401.73	1633.37	328.7	18.83
2017/1/9 23:00		904.8	475.37	947.03	53.47	53.8	13	68.63	3838.1	1856.47	379.37	22.07
2017/1/10 0:00	412.9	1052.7	467.23	955.4	60.5	60.87	A5	68.3	4242.37	2075.77	428.53	25.93
2017/1/10 1:00	412.93	876.2	503.9	930.7	66.8	67.17	13	68.07	4635.37	2279.67	469.8	28.93
2017/1/10 2:00	413.37	888.23	512.8	910.6	77.87	78.47	13	68.2	5326.07	2645.77	550.9	33.23
2017/1/10 3:00	411.67	833.53	503.67	880.13	73.43	73.7		68.63	5144.67	2544.87	526.73	33.37
2017/1/10 4:00	410.13	863.67	553.37	874.3	75.07		13	68.13	5107.3	2534	526.6	31.33
2017/1/10 5:00		746.47	589.83	852.43	79.37	79.6	13	68.8	5439.7	2718.9	564.83	35.17
2017/1/10 6:00	409	724.13	567.4	855.4	74	74.27	13	68.93	5050.37	2517.5	522.5	31.9
2017/1/10 7:00	410.53	804.13	544.8	866	69.73	70.03	13	69.03	4818.6	2386.5	502.77	32.07
2017/1/10 8:00	413.5	696.6	596.9	865.9	58.8	59.1	13.27	67.93	4105.93	1996.47	413.13	26.3
2017/1/10 9:00	420.17	605.07	576	894.47	66.5	67.2	14.27	65.6	4606.3	2262.7	476.23	31.63
2017/1/10 10:00	421	690.3	556.67	903.87	62.83	63.6	15.23	63.27	4377.33	2111.4	430.03	26.77
2017/1/10 11:00	422.9	687.1	563.6	928.17	59.97	60.93	16.3	62.03	4230.13	2031.3	411.73	26.13
2017/1/10 12:00	428.2	773.43	489.33	1056.17	77	78.73	18.1	58.17	5243.8	2553	520.97	34
2017/1/10 13:00	430.07	802.9	482.9	1145.87	80.57	83.5	19.57	55.57	5481.17	2654.8	533.87	35.43
2017/1/10 14:00	433.63	780.43	495.2	1101.77	71.17	73.27	19.77	55.8	4950.07	2360.53	457.87	29.97
2017/1/10 15:00	425.93	719.37	518.33	1029.93	78.47	80.6	18.9	58.63	5341.57	2597.4	519.23	34.57
2017/1/10 16:00	422.93	815.07	472.13	1022.13	81.7	83.33	17.63	60.63	5481.5	2692.73	556	36.37
2017/1/10 17:00	419.1	763.03	512.07	993.5	90.57	92.63	16.7	62.7	6037.53	2999.13	623.63	43.83
2017/1/10 18:00	422.91	615.91	536.41	965.32	92.86	95.41	16.32	63.55	6025.41	3006.64	651.09	44.5
2017/1/10 19:00	421.57	642.2	497.27	958.6	98.27	100	15.7	65.57	6376.83	3223.67	693.27	47.8
2017/1/10 20:00	417.5	710.3	511.97	946.87	98.73	100.53	15	67	6446.93	3271.37	707.47	48.97
2017/1/10 21:00	418.43	701.47	537	922.1	97.93	99.47	15	67.17	6333.3	3220.53	709.5	50.77
2017/1/10 22:00	418.93	576.23	569.17	886.63	104.17	106.9	15	68	6676.97	3407.13	756.03	55.93
2017/1/10 23:00	419.2	626.03	554.57	867.2	104.47	106.53	14.77	68.8	6704.4	3434.77	763.47	55.73
2017/1/11 0:00	417.57	746.33	535.47	870.63	100	101.63	14	69.1	6388.43	3276.3	729.87	52.93
2017/1/11 1:00	416.87	780.57	518.07	862.77	100.47	101.93	14	69.77	6441	3302.33	736.47	52.53
2017/1/11 2:00	415.1	612.4	540.77	856.47	101.77	103.07	14	70.13	6526.77	3362.8	746.8	51.73
2017/1/11 3:00	425.63	721.33	531.87	837.6	105.37	106.87	14	70.43	6558.03	3413.87	787.97	54.5
2017/1/11 4:00	433.17	608.23	582.7	792.3	117.1	118.97	14	70.8	7106.67	3727.97	876.4	65.87
2017/1/11 5:00	432.2	649.47	612.7	797.73	102.73	104.7	14	69	6536.13	3364.3	758.83	53.8
2017/1/11 6:00	430.2	727.33	540.77	850.23	84.7	86.13	14	67.03	5536.1	2795.47	616.37	43.97
2017/1/11 7:00	427.93	788.83	494.1	840.1	83.47	84.67	14	67.43	5451.1	2762.13	611.17	42.47
2017/1/11 8:00	422.77	775.57	480.07	859.63	79.2	80.17	14	67.3	5321.17	2669.8	580.8	41.33
2017/1/11 9:00	430.1	557.5	614	847.67	88.87	91.13	14.87	66.1	5739.83	2900.3	642.87	48.27
2017/1/11 10:00	438.2	533.73	603.27	841.1	99.6	101.43	15	66.9	6488.9	3289.4	719.27	53.07
2017/1/11 11:00	423.47	750.8	518.63	857.87	91.4	93.47	15	66.6	5911.53	2994.8	660.73	47.97
2017/1/11 12:00	415.4	725.1	509.53	861.7	90	91.03	15	66.97	5885.87	2976.7	651.2	46.53
2017/1/11 13:00	416.17	618.23	546.23	877.9	90.73	92.17	15	66.03	5872.7	2952.4	648.8	46.6
2017/1/11 14:00	422.57	736.87	504.27	873.13	88.73	90.3	15	66.2	5705.67	2903	638.2	45.03
2017/1/11 15:00	425.37	778.4	456.47	874.9	88.03	89.6	15	67.6	5630.93	2861.07	639.53	47.2
2017/1/11 16:00	428.83	796.13	441.13	888.53	84.8	86.07	14.8	69.4	5542.47	2794.27	623.13	45
2017/1/11 17:00	434	854.93	463.67	924.23	85.17	85.97	15	69.13	5690.4	2838.13	614.9	41.93
2017/1/11 18:00	428.97	761.9	486.7	853.77	79.9	80.97	14.03	70.23	5294.03	2650.27	577.87	40.9
2017/1/11 19:00	425	717.4	498.63	839.7	67.23	68.27	14.07	70.47	4534.3	2237.63	477.23	33.4
2017/1/11 20:00	423.4	679.73	516.4	840.43	61.63	62.57	14	71.4	4298.17	2082.07	439.43	30.43
2017/1/11 21:00	421.7	637.2	578.03	798.77	71.73	72.37	14	71.5	4917.13	2408.4	502.37	31.63
2017/1/11 22:00	417.23	510.23	605.23	767.47	71.43	72.07	14	71.9	4902.53	2408.73	508.63	32.9
2017/1/11 23:00	412.63	602.9	591.67	782.43	59.7	60.37	14	71.07	4188.07	2032.83	413.63	27.2
2017/1/12 0:00	409.87	510.97	614.8	767.57	53.47	53.7	14	71	3886.77	1845.97	373.97	23.37
2017/1/12 1:00	413.37	640.73	603.6	741.07	57.03	57.37	14	71.7	4043.73	1941.43	402.63	23.63
2017/1/12 2:00	414.23	521.2	589.23	742.67	48.57	49.13	14	72	3525.8	1674.1	338.03	20.97
2017/1/12 3:00	409.73	663.73	585.4	747.77	43.7	43.87	14	72.47	3160.4	1490.63	306.87	18.4
2017/1/12 4:00	414.37	522.7	610.5	729.67	45.27	45.67	14	74.67	3262.4	1560.93	317.23	20.37
2017/1/12 5:00	413.5	436.27	663.3	668.57	58.9	59.43	13.07	80.37	4127.4	2012.53	412.17	25.73
2017/1/12 6:00	409.67	427.87	669.13	681	50.83	51.23	13.7	80.17	3684.9	1746.8	355.47	20.77
2017/1/12 7:00	408.67	424.43	662.97	688.97	46.2	46.5	14	79.63	3398.37	1599.2	322.7	18.83
2017/1/12 8:00	416.47	431.43	636.53	704.33	50.4	50.63	14	80.67	3629.03	1716.2	355.97	22.73
2017/1/12 9:00	423.4	402.43	662.07	679.97	63.7	64.07	14	82.23	4509.9	2171.87	444.07	28.33
2017/1/12 10:00	421.3	444.63	648.93	732.03	52.1	52.53	14	79.7	3771.67	1761.73	353.73	22.87
2017/1/12 11:00	427.7	427.87	629.33	732.83	63.6	64.43	14.63	79.37	4485.13	2153.13	447.43	30.2
2017/1/12 12:00	427.43	429.6	629.1	735.6	73.1	74.03	14.63	79.73	5050.67	2449	511.23	35.77
2017/1/12 13:00	424.27	467.6	596.27	745.77	60.8	61.43	15	78.63	4310.97	2053.87	433.37	29.6
2017/1/12 14:00	415.87	416.03	637.03	733.9	33.07	33.2	14.93	79.73	2464.5	1115.6	222.7	13.07
2017/1/12 15:00	413.4	416.77	649.23	734.4	22.93	23.2	14.97	79.33	1898.17	827.1	153.1	8.13
2017/1/12 16:00	425	412.63	631.1	728.93	25.43	25.67	14.07	80.63	2033.1	893.07	172.4	11.53
2017/1/12 17:00	429.07	419.67	627.53	729.97	30.13	30.6	14	82.5	2344.9	1044.63	201.97	12.5
2017/1/12 18:00	427.67	419.33	619.67	738.63	25.33	25.8	14	83.53	2009.87	891.27	174.57	11.93
2017/1/12 19:00	434.97	421.53	618.07	720.63	24.17	24.8	14	85.87	1906.3	841.77	168.43	11.63
2017/1/12 20:00	436.1	442.5	587.03	758.37	56.5	56.8	14	87.33	4104.27	1940.5	394.63	24.23
2017/1/12 21:00	421.9	417.37	617.17	725.8	51.8	52.1	14	87.63	3855.5	1777.23	349.37	18.63
2017/1/12 22:00	412.2	433.73	606.63	722.5	32.67	32.9	13.87	87.93	2579.2	1166.1	222.17	11.87
2017/1/12 23:00	400	430.67	631.33	684.17	20.07	20.17	13	89.07	1725.63	733.37	134.3	7.37
2017/1/13 0:00	392.97	436.7	641.07	688.8	14.57	14.7	13	88.93	1320.1	540.7	97.17	5.13
2017/1/13 1:00	389.77	496.93	588.67	716.07	13.23	13.37	13	89.2	1247.9	513.2	91.2	4.37
2017/1/13 2:00	389	457.4	610.87	700.4	16.53	16.67	13	89.37	1427.17	613.03	112.63	5.27
2017/1/13 3:00	388.33	435.23	626.67	675.37	19.1	19.2	12.5	89.37	1613.53	697.27	128.27	5.37
2017/1/13 4:00	388.67	401.3	657.43	661.6	18.53	18.77	12.63	89.27	1618.17	691.47	125.67	6.37
2017/1/13 5:00	390.33	386.97	656.77	640.53	20.07	20.27	12.03	89.9	1700.1	739.27	138.93	8.4
2017/1/13 6:00	402	349.8	692.7	572.03	9.17	9.2	12.1	89.2	906.03	350.67	63.7	3.33
2017/1/13 7:00	416.8	282.7	733.03	520.9	2.1	2.17	12	88.87	356.3	102.6	18.1	1.37
2017/1/13 8:00	419.63	265.33	722.33	516.93	3.3	3.4	12	88.23	433.27	138.37	26.1	1.73
2017/1/13 9:00	425.53	279.27	714.77	514.97	3.7	3.7	12	87.53	466.9	154.67	29.43	1.53
2017/1/13 10:00	430.53	302.73	704.63	544.17	4.23	4.27	12.7	85.33	518.8	178.27	34.07	3.17
2017/1/13 11:00	424.97	356.2	665.83	600.9	10.13	10.17	13	83.37	969.87	382.03	70.63	4.4
2017/1/13 12:00	428.27	299.07	691.8	548.6	13.47	13.7	13	85.73	1188.5	487.47	90.07	5.2
2017/1/13 13:00	419.13	394.9	607.03	618.77	17.4	17.6	12.43	87.2	1478.4	633.37	121.17	7.87
2017/1/13 14:00	408.87	422.9	609.1	670.37	15.27	15.4	12	86.13	1364.2	572.37	107.67	6.17
2017/1/13 15:00	409.43	661.93	487.13	761.8	20.4	20.47	12	82.33	1744.17	750.57	138.27	7.3
2017/1/13 16:00	408.07	616.57	486.57	781.83	25.27	25.37	12	80.63	2096.27	921.97	171.53	8.63
2017/1/13 17:00	406.17	635.3	488.07	767.87	31.87	31.9	12	79.37	2512.23	1130.5	215.13	12.2
2017/1/13 18:00	408.17	668.83	467.9	769.83	35.6	35.83	12	77.57	2704.43	1247.23	247.5	16.17
2017/1/13 19:00	411.8	627.93	506.07	781.8	38.73	38.93	12	75.47	2918.53	1358.8	273.3	17.57
2017/1/13 20:00	413.27	462.57	566.83	728.8	39.77	40	12	75.57	2976.23	1390.6	279.8	17.37
2017/1/13 21:00	409.2	628.53	505.6	811.03	28.9	29.3	12	67.4	2208.73	1015.23	205.07	15.03
2017/1/13 22:00	402.5	583.9	508.17	802.03	26.27	26.67	12	63.73	2068.7	933.73	190.3	12.7
2017/1/13 23:00	400.03	503.67	541.17	789.83	29.37	29.97	12	63.67	2264.23	1034.37	208.4	14.73
2017/1/14 0:00	396.77	667.83	490.77	776.77	34.33	34.53	11.9	67.63	2582.3	1202.07	238.93	14.8
2017/1/14 1:00	396.87	503.7	553.93	725.13	40.27	40.53	11	73.1	2984.1	1395.4	275.3	17.33
2017/1/14 2:00	398.1	480.83	568.97	718.27	42.17	42.37	11	75.17	3177.57	1490.67	290.9	17.33
2017/1/14 3:00	396.1	497.3	563.43	739.5	47.3	47.37	11	76.73	3525.87	1671.73	329.53	20.97
2017/1/14 4:00	395.37	569.17	536.33	788.37	55.27	55.5	10.9	76.3	3983.7	1900.4	387.6	23.7
2017/1/14 5:00	393.4	645.6	486.77	844.23	67.87	68.23	10	76.67	4878.8	2372.57	481.63	31.33
2017/1/14 6:00	396.23	662.83	455.7	866.8	83.53	83.73	10	77.63	5816.97	2854.1	580.63	34.03
2017/1/14 7:00	401.03	727.5	434.97	910.4	84.73	84.93	10.17	75.37	5856.67	2871.17	594.33	36.2
2017/1/14 8:00	398.67	808.3	401.23	892.33	87.13	87.2	10.2	75.33	6035.6	2964.07	611.7	38.57
2017/1/14 9:00	399.8	800.3	428.83	905.57	77.57	77.83	11	70.5	5484.37	2681.77	545.73	34.67
2017/1/14 10:00	400.77	662.37	473.87	876.03	70.63	70.7	11	69.53	4997.8	2419.2	497.53	30.87
2017/1/14 11:00	395.67	1093.8	311	976.8	56.8	57.07	11.93	61.97	4042.87	1934.87	402.8	27.87
2017/1/14 12:00	395.67	1175.6	207.73	1031.37	48.07	48.67	12.57	54.3	3347	1605.13	342.73	25.83
2017/1/14 13:00	397.2	1145.73	152.27	1081.63	48.83	49.57	13.73	49.67	3434.43	1645.13	352.07	25.1
2017/1/14 14:00	397.77	1479.93	86.13	1133.27	48.73	49.7	14.27	45.7	3394.43	1632.9	352.27	25.97
2017/1/14 15:00	397.7	1520.53	83.37	1172.2	45.73	46.43	15.13	40.37	3241.9	1528.8	324.6	23.77
2017/1/14 16:00	393.83	1333.23	60.4	1185.67	45.3	46.27	15	38.03	3181.87	1532.13	327.03	23.5
2017/1/14 17:00	393.73	1624.03	53.93	1174.43	46.6	47.33	13.9	40.9	3284.03	1579	335.9	25.57
2017/1/14 18:00	395.47	1247.53	81.87	1168.4	55.8	56.47	13	45.5	3862.27	1891.87	407.73	30.17
2017/1/14 19:00	397.9	1383.6	55.93	1177.17	71.27	71.67	12.03	52.2	4751.67	2335.13	509.37	37.43
2017/1/14 20:00	395.6	1473.9	45.17	1218.27	68.53	68.9	12	52.4	4670.97	2295.73	494.53	33.9
2017/1/14 21:00	395.57	1363.27	45.3	1201.97	63.87	64.4	11.93	55.27	4451	2173.57	460.13	33.9
2017/1/14 22:00	393.2	1253.77	83	1156.77	58.93	59.27	11.33	58.33	4102.17	1999.57	431.7	28.8
2017/1/14 23:00	390	1287.7	75.5	1145.3	53.63	54.13	11	59.07	3785.43	1835.47	388.07	28.6
2017/1/15 0:00	386.67	1249.97	131.23	1119.97	43.47	44.27	11	58.6	3088.27	1485.9	320.27	23.93
2017/1/15 1:00	385	1155.03	164.93	1075.3	34.77	35.33	11	58.9	2507.93	1188.03	260.87	18.5
2017/1/15 2:00	385.33	1081.97	212.1	1056.77	38.57	38.8	11	60.27	2754.43	1320	283.93	20.87
2017/1/15 3:00	385.2	928.17	234.4	991.67	39.2	39.37	10.2	65.67	2786.87	1335.13	288.57	21.2
2017/1/15 4:00	385.37	793.67	353.73	935.47	39.17	39.57	9.63	70	2769.63	1334.97	288	20.63
2017/1/15 5:00	392.03	706.2	450.7	886.93	43.5	43.77	9.93	70.8	3071.5	1485.27	321.17	23.8
2017/1/15 6:00	390.6	713.07	419.73	923.37	47.67	48.1	10	68.83	3359.33	1630.53	345.63	24.73
2017/1/15 7:00	389.73	740.33	425.43	923.5	52.9	53.3	10	68	3730.63	1822.27	387.1	26.27
2017/1/15 8:00	391.53	697.23	441.83	928.27	60.93	61.37	10	66.87	4285.17	2098.77	440.83	29.13
2017/1/15 9:00	395.33	805.9	363.93	959.4	68	68.4	10.3	65.87	4680.3	2318.33	496.3	36.1
2017/1/15 10:00	395.6	787.93	390.2	964.1	71.07	71.37	11	64.2	4903.87	2430.43	514.17	36.97
2017/1/15 11:00	397.67	943.33	307.93	986.93	65.3	65.97	11.93	60.07	4525.6	2216.5	462.87	31
2017/1/15 12:00	402.3	1063.67	231.07	980.03	53.57	53.9	12.23	58.8	3727.37	1814.33	380.63	26.47
2017/1/15 13:00	411.3	924.2	316.4	982.33	52.1	52.5	13	57	3701.67	1775.5	367.93	24.63
2017/1/15 14:00	411.43	1043.53	309.9	974.93	49.1	49.6	13	56.97	3564.67	1707.13	351.3	23.13
2017/1/15 15:00	413.4	968	296.67	967.6	49.87	50.33	13	57.27	3521.87	1693.07	354.1	23.77
2017/1/15 16:00	407.13	968.1	341.03	970.3	41.73	42.27	13	55.9	3037.57	1432.93	295.67	21.33
2017/1/15 17:00	401.3	955.07	343.3	959.93	30.37	30.57	13	55.47	2302.57	1050.43	213.83	14.83
2017/1/15 18:00	406.27	775.07	403.53	928	33.33	33.87	12.1	56.77	2517.43	1170.1	241.3	18.67
2017/1/15 19:00	400.2	839.77	370.63	900.93	34.7	35.07	12	58.77	2602.77	1210.7	243.7	16.8
2017/1/15 20:00	401.9	778.13	384.5	870.77	40.43	40.8	12	61.17	2930.07	1388.67	285.93	19.97
